Pos     00 01 02 03 04 05 06 07 08 

M1 Data 00 02 31 06 00 31 31 45 06 
M2 Data XX 02 31 07 00 31 32 45 06 
M3 Data XX 02 31 08 00 31 33 45 06
M4 Data XX 02 31 09 00 31 34 45 07
M5 Data XX 02 31 0A 00 31 35 42 06
M6 Data XX 02 31 0B 00 31 36 42 06

00 - Start
01 - Seems to be Command? 0x02
02 - Program? 0x31
03 - Memory Position In Decimal. Start at 06
04 - Start Position (every 64 bytes send new packet)
05 - Speed?
06 - Memory Position in Ascii
07 - Special Effect (A - E)
08 - Length of String
09 - Data (60 Bytes Chunk? - 64 Bytes from Pos 04)
68 - CRC?


Follow Up with
Pos     00 01 02 03
M1 Data 02 31 08 40 

Then
Pos     00 01 02 03
M1 Data 02 31 08 80

Then
Pos     00 01 02 03
M1 Data 02 31 08 C0


Exit?
Pos  00 01 02 03
Data 02 33 3F

00 - Command? - 0x02
01 - Run? 0x33
02 - Which Programs to Run (Bitmask) eg 07 0b00000111 or 1F 0b00011111


Program Time
Pos  00 01 02 03 04 05 06 07 08 09
Data 02 34 15 03 18 22 22 48 03 F3

00 - Command - 0x02
01 - Program Time - 34
02 - Year
03 - Month
04 - Day
05 - Hour
06 - Min
07 - Sec
08 - Day of Week
09 - CRC?





012345678901234567890123456789012345678901234567890123456789012345678901234567890123456789012345678901234567890123456789012345678901234567890123456789012345678901234567890123456789012345678901234567890123456789



 00 02 31 06 00 35 00 42 D2 30 31 32 33 34 35 36
 37 38 39 30 31 32 33 34 35 36 37 38 39 30 31 32
 33 34 35 36 37 38 39 30 31 32 33 34 35 36 37 38
 39 30 31 32 33 34 35 36 37 38 39 30 31 32 33 34
 35 36 37 38 39 CE 02 31 06 40 30 31 32 33 34 35
 36 37 38 39 30 31 32 33 34 35 36 37 38 39 30 31
 32 33 34 35 36 37 38 39 30 31 32 33 34 35 36 37
 38 39 30 31 32 33 34 35 36 37 38 39 30 31 32 33
 34 35 36 37 38 39 30 31 32 33 8B 02 31 06 80 34
 35 36 37 38 39 30 31 32 33 34 35 36 37 38 39 30
 31 32 33 34 35 36 37 38 39 30 31 32 33 34 35 36
 37 38 39 30 31 32 33 34 35 36 37 38 39 30 31 32
 33 34 35 36 37 38 39 30 31 32 33 34 35 36 37 DB
 02 31 06 C0 38 39 30 31 32 33 34 35 36 37 38 39
 30 31 32 33 34 35 36 37 38 39 00 00 00 00 00 00
 00 00 00 00 00 00 00 00 00 00 00 00 00 00 00 00
 00 00 00 00 00 00 00 00 00 00 00 00 00 00 00 00
 00 00 00 00 82 02 33 01